DSE212  2  60  9   9
DD303   3  60  9   1
M150    1  30  9   1
MST121  1  30  9   1,9
MU123   1  30  9   1,9
M253    2  10  6   4,10
M255    2  30  9   1,9
M256    2  30  9   1
M257    2  20  9   1,9
M263    2  30  9   9
M337    3  30  9   9
M343    3  30  9   1,9
M359    3  30  9   1
M362    3  30  9   1
M363    3  30  9   1
M364    3  30  9   1
M366    3  30  9   1
MS325   3  30  9   1
M450    3  30  9   1
S104    1  60  9   1,9
T155    1  10  2   4,9
T183    1  10  2   4,10
T224    2  30  9   9
TM190   1  10  2   4,9
TT380   3  10  3   9







